0.38776514020466873 0.21 44464.13
0.3481854385949947 0.21 45321.778999999995
0.34529050574135256 0.21769518360600001 45498.356
0.3814239323009781 0.22076204098499994 44464.13
0.34444547748563403 0.22076204098499994 45321.778999999995
0.33862731621020076 0.22076204098499994 45498.356
0.38002749022965204 0.219981306561 44464.13
0.3428033045232216 0.219981306561 45321.778999999995
0.33700131347436946 0.219981306561 45498.356
[0.38776514020466873, 0.3481854385949947, 0.34529050574135256, 0.3814239323009781, 0.34444547748563403, 0.33862731621020076, 0.38002749022965204, 0.3428033045232216, 0.33700131347436946] [0.21, 0.21, 0.21769518360600001, 0.22076204098499994, 0.22076204098499994, 0.22076204098499994, 0.219981306561, 0.219981306561, 0.219981306561] [44464.13, 45321.778999999995, 45498.356, 44464.13, 45321.778999999995, 45498.356, 44464.13, 45321.778999999995, 45498.356]
