Hotspot1: 0.1291220455485193
Hotspot2: 0.14291271179547316
Intersection: 0.11047929434416863
Agreement: 0.6868006869526012